1 20510U 90018A   22257.20915543  .00001845  00000-0  14345-3 0  9991
2 20510  82.5147 130.9630 0011762 355.7351 149.3003 15.00707137747307
1 20510U 90018A   22257.20915543  .00001845  00000-0  14345-3 0  9991
2 20510  82.5147 130.9630 0011762 355.7351 149.3003 15.00707137768423
1 20510U 90018A   22257.72216493  .00001941  00000-0  15096-3 0  9997
2 20510  82.5147 130.4690 0011706 354.0253  40.8313 15.00709338747381
1 20510U 90018A   22258.59370760  .00002063  00000-0  16063-3 0  9992
2 20510  82.5144 129.6297 0011627 350.9662  69.4967 15.00712889747514
1 20510U 90018A   22258.59370760  .00002063  00000-0  16063-3 0  9992
2 20510  82.5144 129.6297 0011627 350.9662  69.4967 15.00712889768630
1 20510U 90018A   22259.20843469  .00002073  00000-0  16135-3 0  9993
2 20510  82.5143 129.0377 0011572 348.7964 150.6875 15.00715039747606
1 20510U 90018A   22259.79100764  .00001986  00000-0  15451-3 0  9993
2 20510  82.5143 128.4767 0011506 346.7511  58.1552 15.00716790747693
1 20510U 90018A   22259.79100764  .00001986  00000-0  15451-3 0  9993
2 20510  82.5143 128.4767 0011506 346.7511  58.1552 15.00716790768810
1 20510U 90018A   22260.59418082  .00001822  00000-0  14154-3 0  9996
2 20510  82.5141 127.7032 0011425 343.9555  77.4404 15.00718864747813
1 20510U 90018A   22260.72821065  .00001823  00000-0  14165-3 0  9993
2 20510  82.5141 127.5741 0011413 343.4737  81.5773 15.00719418747835
1 20510U 90018A   22261.13874583  .00001740  00000-0  13509-3 0  9991
2 20510  82.5140 127.1787 0011371 342.0073 139.6083 15.00720543769015
1 20510U 90018A   22261.20875049  .00001738  00000-0  13496-3 0  9999
2 20510  82.5140 127.1113 0011368 341.7595 157.8247 15.00720720747904
1 20510U 90018A   22261.72900794  .00001690  00000-0  13119-3 0  9991
2 20510  82.5139 126.6102 0011319 339.9292  88.6390 15.00722612747983
1 20510U 90018A   22262.32588532  .00001555  00000-0  12047-3 0  9999
2 20510  82.5138 126.0354 0011268 337.7982  73.4430 15.00724146748072
1 20510U 90018A   22262.32588532  .00001555  00000-0  12047-3 0  9999
2 20510  82.5138 126.0354 0011268 337.7982  73.4430 15.00724146769198
1 20510U 90018A   22262.72431565  .00001435  00000-0  11103-3 0  9995
2 20510  82.5138 125.6517 0011223 336.3675  66.0892 15.00724987748133
1 20510U 90018A   22263.14497292  .00001452  00000-0  11235-3 0  9996
2 20510  82.5137 125.2466 0011180 334.8595 178.8248 15.00726713748199
1 20510U 90018A   22263.65509660  .00001337  00000-0  10333-3 0  9995
2 20510  82.5136 124.7552 0011132 333.0586  54.9038 15.00727918748274
1 20510U 90018A   22263.65509660  .00001337  00000-0  10333-3 0  9995
2 20510  82.5136 124.7552 0011132 333.0586  54.9038 15.00727918769390