1 47597U 21009BB  22257.16066174  .00002561  00000-0  19075-3 0  9992
2 47597  53.0549 354.2259 0001544  77.8611 282.2551 15.06399688 89315
1 47597U 21009BB  22257.55874485  .00000799  00000-0  72539-4 0  9993
2 47597  53.0554 352.4397 0001587  67.3301 292.7856 15.06393067 88779
1 47597U 21009BB  22257.55874485  .00000799  00000-0  72539-4 0  9993
2 47597  53.0554 352.4397 0001587  67.3301 292.7856 15.06393067 89376
1 47597U 21009BB  22258.15586637  .00017561  00000-0  11945-2 0  9996
2 47597  53.0552 349.7594 0001538  65.3693 294.7456 15.06411575 89463
1 47597U 21009BB  22258.55394689  .00009095  00000-0  62862-3 0  9992
2 47597  53.0552 347.9719 0001470  67.8043 292.3102 15.06405211 88925
1 47597U 21009BB  22258.55394689  .00009095  00000-0  62862-3 0  9992
2 47597  53.0552 347.9719 0001470  67.8043 292.3102 15.06405211 89522
1 47597U 21009BB  22259.48280113  .00002399  00000-0  17990-3 0  9993
2 47597  53.0557 343.8013 0001559  64.6246 295.4904 15.06401566 89069
1 47597U 21009BB  22259.48280113  .00002399  00000-0  17990-3 0  9993
2 47597  53.0557 343.8013 0001559  64.6246 295.4904 15.06401566 89665
1 47597U 21009BB  22259.61549634  .00001183  00000-0  98331-4 0  9993
2 47597  53.0555 343.2054 0001579  64.8448 295.2704 15.06398353 89081
1 47597U 21009BB  22260.47801742 -.00003600  00000-0 -22304-3 0  9994
2 47597  53.0550 339.3343 0001579  67.6326 292.4830 15.06380426 89215
1 47597U 21009BB  22260.47801742 -.00003600  00000-0 -22304-3 0  9994
2 47597  53.0550 339.3343 0001579  67.6326 292.4830 15.06380426 89811
1 47597U 21009BB  22260.54436590 -.00002772  00000-0 -16735-3 0  9997
2 47597  53.0557 339.0361 0001556  71.0310 289.0847 15.06383255 89220
1 47597U 21009BB  22261.07514136  .00000351  00000-0  42464-4 0  9997
2 47597  53.0559 336.6547 0001485  64.7081 295.4062 15.06390851 89901
1 47597U 21009BB  22261.47321756  .00001126  00000-0  94503-4 0  9997
2 47597  53.0559 334.8676 0001488  65.8573 294.2572 15.06398284 89366
1 47597U 21009BB  22261.47321756  .00001126  00000-0  94503-4 0  9997
2 47597  53.0559 334.8676 0001488  65.8573 294.2572 15.06398284 89962
1 47597U 21009BB  22261.60590990  .00001341  00000-0  10891-3 0  9996
2 47597  53.0558 334.2720 0001501  65.7640 294.3506 15.06400085 89382
1 47597U 21009BB  22262.46842428  .00002103  00000-0  16009-3 0  9991
2 47597  53.0559 330.4007 0001572  62.3835 297.7313 15.06392888 90113
1 47597U 21009BB  22262.60111702  .00002258  00000-0  17047-3 0  9995
2 47597  53.0557 329.8048 0001605  65.6134 294.5023 15.06394552 89530
1 47597U 21009BB  22263.46362761  .00000462  00000-0  49927-4 0  9991
2 47597  53.0551 325.9330 0001738  66.0422 294.0749 15.06397097 89668
1 47597U 21009BB  22263.99439443 -.00000570  00000-0 -19379-4 0  9991
2 47597  53.0549 323.5500 0001608  65.0751 295.0405 15.06408318 90344
