1 27845U 03031F   22257.51957332  .00000320  00000-0  16287-3 0  9998
2 27845  98.6739 264.7808 0008113 220.3409 139.7168 14.22592505996428
1 27845U 03031F   22257.66024135  .00000319  00000-0  16208-3 0  9991
2 27845  98.6739 264.9193 0008124 219.8789 140.1793 14.22592587996445
1 27845U 03031F   22257.66024135  .00000319  00000-0  16208-3 0  9991
2 27845  98.6739 264.9193 0008124 219.8789 140.1793 14.22592587996445
1 27845U 03031F   22258.50424929  .00000331  00000-0  16745-3 0  9990
2 27845  98.6740 265.7502 0008167 217.2152 142.8461 14.22593293996562
1 27845U 03031F   22258.64491723  .00000332  00000-0  16802-3 0  9996
2 27845  98.6740 265.8887 0008168 216.8210 143.2408 14.22593399996585
1 27845U 03031F   22258.99658703  .00000339  00000-0  17125-3 0  9993
2 27845  98.6740 266.2349 0008186 215.7289 144.3342 14.22593716996635
1 27845U 03031F   22259.48892480  .00000331  00000-0  16743-3 0  9997
2 27845  98.6740 266.7196 0008211 214.1732 145.8918 14.22594010996706
1 27845U 03031F   22259.77026059  .00000328  00000-0  16613-3 0  9992
2 27845  98.6741 266.9967 0008230 213.2749 146.7913 14.22594168996747
1 27845U 03031F   22260.47359995  .00000292  00000-0  14994-3 0  9999
2 27845  98.6741 267.6892 0008282 210.9901 149.0789 14.22594472996849
1 27845U 03031F   22260.47359995  .00000292  00000-0  14994-3 0  9999
2 27845  98.6741 267.6892 0008282 210.9901 149.0789 14.22594472996849
1 27845U 03031F   22260.89560346  .00000285  00000-0  14699-3 0  9993
2 27845  98.6741 268.1047 0008307 209.7020 150.3687 14.22594714996901
1 27845U 03031F   22261.52860855  .00000291  00000-0  14974-3 0  9995
2 27845  98.6742 268.7279 0008338 207.7106 152.3629 14.22595210996991
1 27845U 03031F   22261.73961023  .00000290  00000-0  14930-3 0  9998
2 27845  98.6742 268.9356 0008341 207.0769 152.9975 14.22595328997026
1 27845U 03031F   22261.88027801  .00000286  00000-0  14746-3 0  9991
2 27845  98.6742 269.0741 0008350 206.6483 153.4267 14.22595404997041
1 27845U 03031F   22262.02094577  .00000285  00000-0  14690-3 0  9999
2 27845  98.6742 269.2127 0008356 206.2204 153.8552 14.22595506997060
1 27845U 03031F   22262.79461828  .00000280  00000-0  14474-3 0  9995
2 27845  98.6742 269.9743 0008400 203.8405 156.2385 14.22596005997175
1 27845U 03031F   22263.00561980  .00000278  00000-0  14379-3 0  9991
2 27845  98.6742 270.1821 0008415 203.2029 156.8770 14.22596159997206
1 27845U 03031F   22263.00561980  .00000278  00000-0  14379-3 0  9991
2 27845  98.6742 270.1821 0008415 203.2029 156.8770 14.22596159997206
1 27845U 03031F   22263.77929204  .00000268  00000-0  13934-3 0  9997
2 27845  98.6743 270.9438 0008461 200.8541 159.2293 14.22596586997315
