1 44079U 19018B   22257.14014794  .00027030  00000-0  77046-3 0  9990
2 44079  97.2993 316.3269 0010293 146.5996 213.5899 15.35994961192292
1 44079U 19018B   22258.11733165  .00031578  00000-0  89752-3 0  9997
2 44079  97.2990 317.2957 0010333 143.4788 216.7163 15.36053082192440
1 44079U 19018B   22258.11733165  .00031578  00000-0  89752-3 0  9997
2 44079  97.2990 317.2957 0010333 143.4788 216.7163 15.36053082192440
1 44079U 19018B   22259.15961804  .00025780  00000-0  73224-3 0  9990
2 44079  97.2989 318.3292 0010376 140.1970 220.0037 15.36114468192608
1 44079U 19018B   22259.42018360  .00025707  00000-0  72985-3 0  9992
2 44079  97.2989 318.5873 0010398 139.4730 220.7290 15.36128107192641
1 44079U 19018B   22259.42018360  .00025707  00000-0  72985-3 0  9992
2 44079  97.2989 318.5873 0010398 139.4730 220.7290 15.36128107192641
1 44079U 19018B   22259.61560627  .00027138  00000-0  76994-3 0  9995
2 44079  97.2989 318.7809 0010338 139.0885 221.1137 15.36140224192675
1 44079U 19018B   22259.61560627  .00027138  00000-0  76994-3 0  9995
2 44079  97.2989 318.7809 0010338 139.0885 221.1137 15.36140224192675
1 44079U 19018B   22260.13672733  .00022507  00000-0  63887-3 0  9998
2 44079  97.2989 319.2979 0010342 137.2587 222.9464 15.36162135192759
1 44079U 19018B   22260.13672733  .00022507  00000-0  63887-3 0  9998
2 44079  97.2989 319.2979 0010342 137.2587 222.9464 15.36162135192759
1 44079U 19018B   22260.72297966  .00023937  00000-0  67860-3 0  9997
2 44079  97.2990 319.8792 0010373 135.5836 224.6241 15.36189120192847
1 44079U 19018B   22260.72297966  .00023937  00000-0  67860-3 0  9997
2 44079  97.2990 319.8792 0010373 135.5836 224.6241 15.36189120192847
1 44079U 19018B   22261.11380839  .00026142  00000-0  74023-3 0  9993
2 44079  97.2991 320.2669 0010330 134.2647 225.9446 15.36209000192904
1 44079U 19018B   22261.11380839  .00026142  00000-0  74023-3 0  9993
2 44079  97.2991 320.2669 0010330 134.2647 225.9446 15.36209000192904
1 44079U 19018B   22261.70004121  .00027330  00000-0  77284-3 0  9997
2 44079  97.2992 320.8480 0010390 132.5095 227.7029 15.36241347192992
1 44079U 19018B   22261.70004121  .00027330  00000-0  77284-3 0  9997
2 44079  97.2992 320.8480 0010390 132.5095 227.7029 15.36241347192992
1 44079U 19018B   22262.15599159  .00026117  00000-0  73818-3 0  9998
2 44079  97.2992 321.3004 0010367 130.9331 229.2812 15.36265670193060
1 44079U 19018B   22262.61193507  .00023184  00000-0  65531-3 0  9990
2 44079  97.2993 321.7523 0010399 129.8596 230.3565 15.36288078193139
1 44079U 19018B   22262.61193507  .00023184  00000-0  65531-3 0  9990
2 44079  97.2993 321.7523 0010399 129.8596 230.3565 15.36288078193139
1 44079U 19018B   22263.13300413  .00026786  00000-0  75570-3 0  9999
2 44079  97.2994 322.2694 0010365 128.0535 232.1646 15.36318117193219
1 44079U 19018B   22263.13300413  .00026786  00000-0  75570-3 0  9999
2 44079  97.2994 322.2694 0010365 128.0535 232.1646 15.36318117193219
