1 41984U 17008AN  22257.46220747  .00050910  00000-0  10382-2 0  9993
2 41984  97.2702 326.1311 0003990 239.3752 120.7105 15.46048446310769
1 41984U 17008AN  22257.46220747  .00050910  00000-0  10382-2 0  9993
2 41984  97.2702 326.1311 0003990 239.3752 120.7105 15.46048446310769
1 41984U 17008AN  22257.85054272  .00054921  00000-0  11176-2 0  9992
2 41984  97.2699 326.5203 0004059 238.2560 121.8295 15.46092117310823
1 41984U 17008AN  22258.17414722  .00070030  00000-0  14197-2 0  9993
2 41984  97.2699 326.8446 0004107 236.5855 123.5002 15.46135650310877
1 41984U 17008AN  22258.43302468  .00069647  00000-0  14107-2 0  9998
2 41984  97.2698 327.1046 0004096 236.1463 123.9397 15.46163123310916
1 41984U 17008AN  22258.82133145  .00049554  00000-0  10054-2 0  9997
2 41984  97.2696 327.4937 0004140 235.3829 124.7031 15.46203708310977
1 41984U 17008AN  22258.95076490  .00051132  00000-0  10367-2 0  9992
2 41984  97.2697 327.6234 0004165 234.3609 125.7253 15.46216086310994
1 41984U 17008AN  22259.14491286  .00045851  00000-0  92977-3 0  9997
2 41984  97.2697 327.8180 0004178 233.2162 126.8704 15.46237213311025
1 41984U 17008AN  22260.18033105  .00039861  00000-0  80651-3 0  9995
2 41984  97.2698 328.8562 0004261 230.0912 129.9963 15.46332432311189
1 41984U 17008AN  22260.18033105  .00039861  00000-0  80651-3 0  9995
2 41984  97.2698 328.8562 0004261 230.0912 129.9963 15.46332432311189
1 41984U 17008AN  22260.63330653  .00044364  00000-0  89570-3 0  9996
2 41984  97.2697 329.3109 0004245 229.6882 130.3997 15.46371889311253
1 41984U 17008AN  22261.15097727  .00047259  00000-0  95201-3 0  9990
2 41984  97.2697 329.8297 0004339 226.8851 133.2037 15.46422366311338
1 41984U 17008AN  22261.15097727  .00047259  00000-0  95201-3 0  9990
2 41984  97.2697 329.8297 0004339 226.8851 133.2037 15.46422366311338
1 41984U 17008AN  22261.73333724  .00053092  00000-0  10663-2 0  9994
2 41984  97.2698 330.4139 0004371 224.5030 135.5869 15.46482823311424
1 41984U 17008AN  22262.18626795  .00050103  00000-0  10052-2 0  9999
2 41984  97.2698 330.8681 0004400 223.8146 136.2756 15.46527344311491
1 41984U 17008AN  22263.93316060  .00046606  00000-0  93000-3 0  9992
2 41984  97.2701 332.6207 0004538 217.7027 142.3906 15.46701154311760
