1 47470U 21006BK  22257.10682726  .00029482  00000-0  12532-2 0  9991
2 47470  97.4326 315.4404 0004079 348.7778  11.3367 15.22984642 90777
1 47470U 21006BK  22257.43533827  .00025371  00000-0  10790-2 0  9991
2 47470  97.4325 315.7652 0004004 347.4778  12.6358 15.22999735 90827
1 47470U 21006BK  22257.63244372  .00026385  00000-0  11215-2 0  9996
2 47470  97.4325 315.9603 0003953 346.7221  13.3911 15.23010559 90857
1 47470U 21006BK  22258.15804961  .00037394  00000-0  15841-2 0  9991
2 47470  97.4324 316.4809 0003971 344.4451  15.6663 15.23047918 90937
1 47470U 21006BK  22258.15804961  .00037394  00000-0  15841-2 0  9991
2 47470  97.4324 316.4809 0003971 344.4451  15.6663 15.23047918 90937
1 47470U 21006BK  22258.61794624  .00025839  00000-0  10966-2 0  9990
2 47470  97.4325 316.9357 0003916 341.9870  18.1227 15.23067168 91009
1 47470U 21006BK  22258.61794624  .00025839  00000-0  10966-2 0  9990
2 47470  97.4325 316.9357 0003916 341.9870  18.1227 15.23067168 91009
1 47470U 21006BK  22259.14353254  .00024091  00000-0  10220-2 0  9991
2 47470  97.4324 317.4561 0003940 339.4995  20.6083 15.23095303 91086
1 47470U 21006BK  22259.60341445  .00024704  00000-0  10472-2 0  9991
2 47470  97.4324 317.9110 0003882 336.6668  23.4392 15.23116756 91150
1 47470U 21006BK  22260.12898505  .00020921  00000-0  88715-3 0  9997
2 47470  97.4325 318.4314 0003891 333.9286  26.1754 15.23138725 91230
1 47470U 21006BK  22260.12898505  .00020921  00000-0  88715-3 0  9997
2 47470  97.4325 318.4314 0003891 333.9286  26.1754 15.23138725 91230
1 47470U 21006BK  22260.72024384  .00022164  00000-0  93884-3 0  9993
2 47470  97.4327 319.0164 0003813 330.8814  29.2209 15.23164045 91322
1 47470U 21006BK  22261.11441046  .00024795  00000-0  10490-2 0  9998
2 47470  97.4328 319.4068 0003814 329.3154  30.7860 15.23183287 91386
1 47470U 21006BK  22261.70565070  .00025231  00000-0  10664-2 0  9996
2 47470  97.4328 319.9920 0003732 326.2811  33.8188 15.23212864 91474
1 47470U 21006BK  22261.70565070  .00025231  00000-0  10664-2 0  9996
2 47470  97.4328 319.9920 0003732 326.2811  33.8188 15.23212864 91474
1 47470U 21006BK  22262.09980437  .00024477  00000-0  10341-2 0  9990
2 47470  97.4329 320.3823 0003741 325.0186  35.0804 15.23232561 91537
1 47470U 21006BK  22262.88809722  .00024633  00000-0  10395-2 0  9997
2 47470  97.4330 321.1627 0003687 321.0832  39.0138 15.23270688 91652
1 47470U 21006BK  22263.15085709  .00023472  00000-0  99041-3 0  9995
2 47470  97.4328 321.4229 0003725 319.5235  40.5725 15.23283401 91692
1 47470U 21006BK  22263.34792524  .00022473  00000-0  94825-3 0  9991
2 47470  97.4330 321.6178 0003726 317.8963  42.1987 15.23292810 91726
