1 53451U 22098H   22257.32581789  .00004095  00000-0  25795-3 0  9999
2 53451  97.5375 353.0915 0010647 142.5382 302.3371 15.09668475  5280
1 53451U 22098H   22257.32581789  .00004356  00000-0  27412-3 0  9997
2 53451  97.5375 353.0911 0010727 142.6226 302.2538 15.09668882  5289
1 53451U 22098H   22258.24788457  .00004688  00000-0  29467-3 0  9990
2 53451  97.5371 353.9978 0010698 139.6263 273.3547 15.09677368  5424
1 53451U 22098H   22258.38668626  .00003863  00000-0  24352-3 0  9992
2 53451  97.5401 354.1329 0011296 140.7957 306.0599 15.09672664  5446
1 53451U 22098H   22258.78656078  .00004884  00000-0  30676-3 0  9994
2 53451  97.5387 354.5272 0010664 136.9124 321.8437 15.09682984  5500
1 53451U 22098H   22258.78656078  .00004884  00000-0  30676-3 0  9994
2 53451  97.5387 354.5272 0010664 136.9124 321.8437 15.09682984  5500
1 53451U 22098H   22259.24328536  .00004900  00000-0  30770-3 0  9995
2 53451  97.5384 354.9761 0010638 135.5684 283.8586 15.09687600  5570
1 53451U 22098H   22259.38078633  .00004894  00000-0  30735-3 0  9993
2 53451  97.5384 355.1114 0010650 135.1236 311.1328 15.09688933  5599
1 53451U 22098H   22259.85603925  .00004869  00000-0  30575-3 0  9997
2 53451  97.5380 355.5783 0010752 134.0362  13.5368 15.09693433  5668
1 53451U 22098H   22259.85603925  .00004869  00000-0  30575-3 0  9997
2 53451  97.5380 355.5783 0010752 134.0362  13.5368 15.09693433  5668
1 53451U 22098H   22260.17178403  .00004890  00000-0  30704-3 0  9990
2 53451  97.5378 355.8887 0010764 133.1062 289.4255 15.09696626  5715
1 53451U 22098H   22260.52570602  .00004879  00000-0  30632-3 0  9993
2 53451  97.5376 356.2368 0010744 131.9221  52.9308 15.09700048  5764
1 53451U 22098H   22260.52570602  .00004879  00000-0  30632-3 0  9993
2 53451  97.5376 356.2368 0010744 131.9221  52.9308 15.09700048  5764
1 53451U 22098H   22260.85041392  .00004839  00000-0  30380-3 0  9994
2 53451  97.5376 356.5561 0010748 130.9893  17.5118 15.09702950  5816
1 53451U 22098H   22260.85041392  .00004839  00000-0  30380-3 0  9994
2 53451  97.5376 356.5561 0010748 130.9893  17.5118 15.09702950  5816
1 53451U 22098H   22261.22638815  .00004838  00000-0  30373-3 0  9999
2 53451  97.5376 356.9257 0010810 130.0740 260.5339 15.09706581  5879
1 53451U 22098H   22261.36917784  .00004835  00000-0  30350-3 0  9991
2 53451  97.5376 357.0661 0010786 129.4756 316.6965 15.09707970  5894
1 53451U 22098H   22261.57360264  .00004820  00000-0  30258-3 0  9990
2 53451  97.5375 357.2670 0010790 128.8609 347.6486 15.09709865  5921
1 53451U 22098H   22261.77985154  .00004793  00000-0  30088-3 0  9993
2 53451  97.5374 357.4696 0010798 128.3222  28.4336 15.09711695  5959
1 53451U 22098H   22261.97022017  .00004767  00000-0  29925-3 0  9994
2 53451  97.5374 357.6565 0010805 127.7689 342.9792 15.09713297  5988
1 53451U 22098H   22262.16542289  .00004788  00000-0  30052-3 0  9990
2 53451  97.5374 357.8483 0010852 127.3586 323.6433 15.09715379  6019
1 53451U 22098H   22262.54846758  .00004793  00000-0  30079-3 0  9995
2 53451  97.5373 358.2251 0010872 126.1855 245.3447 15.09719178  6076
1 53451U 22098H   22262.54846758  .00004793  00000-0  30079-3 0  9995
2 53451  97.5373 358.2251 0010872 126.1855 245.3447 15.09719178  6076
1 53451U 22098H   22262.83885374  .00004779  00000-0  29989-3 0  9996
2 53451  97.5373 358.5104 0010880 125.3879  23.3941 15.09721959  6110
1 53451U 22098H   22262.83885374  .00004779  00000-0  29989-3 0  9996
2 53451  97.5373 358.5104 0010880 125.3879  23.3941 15.09721959  6110
1 53451U 22098H   22263.15965400  .00004810  00000-0  30180-3 0  9992
2 53451  97.5373 358.8258 0010855 124.3120 326.9219 15.09725319  6162
1 53451U 22098H   22263.55794847  .00004851  00000-0  30433-3 0  9997
2 53451  97.5373 359.2176 0010861 123.2246 331.3839 15.09729588  6227
1 53451U 22098H   22263.55794847  .00004851  00000-0  30433-3 0  9997
2 53451  97.5373 359.2176 0010861 123.2246 331.3839 15.09729588  6227
1 53451U 22098H   22263.88446487  .00004866  00000-0  30519-3 0  9998
2 53451  97.5373 359.5389 0010884 122.0929 306.0244 15.09732967  6275
1 53451U 22098H   22263.88446487  .00004866  00000-0  30519-3 0  9998
2 53451  97.5373 359.5389 0010884 122.0929 306.0244 15.09732967  6275
