1 42769U 17036E   22257.58720687  .00004794  00000-0  19852-3 0  9998
2 42769  97.1935 289.2076 0015327  25.2157 334.9846 15.24277013290176
1 42769U 17036E   22257.91543775  .00004939  00000-0  20441-3 0  9993
2 42769  97.1939 289.5226 0015186  25.0120 335.1853 15.24282296290227
1 42769U 17036E   22257.91543796  .00004935  00000-0  20423-3 0  9992
2 42769  97.1939 289.5226 0015181  25.1020 335.0955 15.24282214290224
1 42769U 17036E   22258.57190299  .00004986  00000-0  20627-3 0  9993
2 42769  97.1930 290.1529 0015132  22.7200 337.4717 15.24289684290329
1 42769U 17036E   22258.90013284  .00005088  00000-0  21038-3 0  9999
2 42769  97.1923 290.4672 0015225  21.3886 338.8000 15.24294498290375
1 42769U 17036E   22259.03142497  .00005094  00000-0  21063-3 0  9998
2 42769  97.1923 290.5930 0015208  20.9409 339.2451 15.24295949290399
1 42769U 17036E   22259.55659265  .00005128  00000-0  21200-3 0  9992
2 42769  97.1924 291.0970 0015151  19.3612 340.8215 15.24302005290472
1 42769U 17036E   22259.88482096  .00005151  00000-0  21291-3 0  9990
2 42769  97.1924 291.4120 0015181  17.9699 342.2086 15.24305855290529
1 42769U 17036E   22260.21304781  .00005206  00000-0  21512-3 0  9990
2 42769  97.1925 291.7275 0015156  16.8035 343.3711 15.24310148290571
1 42769U 17036E   22260.60691960  .00005246  00000-0  21674-3 0  9994
2 42769  97.1926 292.1056 0015083  15.9277 344.2432 15.24314940290632
1 42769U 17036E   22260.93514565  .00005260  00000-0  21728-3 0  9991
2 42769  97.1926 292.4205 0015091  14.6783 345.4891 15.24318690290681
1 42769U 17036E   22261.19772040  .00005579  00000-0  23029-3 0  9993
2 42769  97.1916 292.6732 0014426  14.7006 345.4638 15.24325272290725
1 42769U 17036E   22261.59159028  .00005534  00000-0  22842-3 0  9995
2 42769  97.1916 293.0514 0014417  13.2894 346.8709 15.24329296290787
1 42769U 17036E   22261.98546001  .00005444  00000-0  22472-3 0  9998
2 42769  97.1917 293.4292 0014370  12.0521 348.1058 15.24332835290849
1 42769U 17036E   22262.51061975  .00005344  00000-0  22060-3 0  9992
2 42769  97.1924 293.9325 0014998   9.0849 351.0659 15.24336973290920
1 42769U 17036E   22262.57626418  .00005344  00000-0  22058-3 0  9994
2 42769  97.1924 293.9954 0014996   8.8591 351.2908 15.24337673290935
1 42769U 17036E   22262.90448627  .00005342  00000-0  22046-3 0  9990
2 42769  97.1924 294.3104 0014987   7.7311 352.4155 15.24341154290986
1 42769U 17036E   22263.56092752  .00005345  00000-0  22054-3 0  9999
2 42769  97.1924 294.9405 0014952   5.4589 354.6806 15.24348283291089
1 42769U 17036E   22263.56092752  .00005345  00000-0  22054-3 0  9999
2 42769  97.1924 294.9405 0014952   5.4589 354.6806 15.24348283291089
1 42769U 17036E   22263.95479098  .00005359  00000-0  22111-3 0  9993
2 42769  97.1923 295.3189 0014939   4.1976 355.9384 15.24352737291144