1 48431U 21040D   22257.00582594 -.00001697  00000-0 -95054-4 0  9990
2 48431  53.0535 104.9275 0001580  81.1952 278.9216 15.06408101 75677
1 48431U 21040D   22257.27121868  .00001411  00000-0  11365-3 0  9996
2 48431  53.0533 103.7363 0001549  80.4170 279.6994 15.06395725 75262
1 48431U 21040D   22257.27121868  .00001411  00000-0  11365-3 0  9996
2 48431  53.0533 103.7363 0001549  80.4170 279.6994 15.06395725 75712
1 48431U 21040D   22257.60295701  .00000755  00000-0  69622-4 0  9991
2 48431  53.0533 102.2484 0001482  79.9671 280.1485 15.06393308 75318
1 48431U 21040D   22258.53181044  .00001408  00000-0  11340-3 0  9997
2 48431  53.0548  98.0769 0001697  83.6046 276.5136 15.06399974 75450
1 48431U 21040D   22258.59815718  .00001053  00000-0  89575-4 0  9997
2 48431  53.0558  97.7782 0001407  90.7307 269.3843 15.06400438 75464
1 48431U 21040D   22258.59815718  .00001053  00000-0  89575-4 0  9997
2 48431  53.0558  97.7782 0001407  90.7307 269.3843 15.06400438 75914
1 48431U 21040D   22259.52701339  .00002463  00000-0  18420-3 0  9990
2 48431  53.0555  93.6087 0001271  82.5367 277.5767 15.06398193 75604
1 48431U 21040D   22259.72605313  .00002557  00000-0  19051-3 0  9992
2 48431  53.0546  92.7149 0001296  83.5213 276.5924 15.06399926 75633
1 48431U 21040D   22259.72605313  .00002557  00000-0  19051-3 0  9992
2 48431  53.0546  92.7149 0001296  83.5213 276.5924 15.06399926 76083
1 48431U 21040D   22259.92509985 -.00000017  00000-0  17758-4 0  9995
2 48431  53.0541  91.8256 0001528  49.8609 310.2513 15.06397641 76115
1 48431U 21040D   22260.52222031  .00000813  00000-0  73467-4 0  9999
2 48431  53.0548  89.1409 0001297  84.0692 276.0445 15.06397248 75753
1 48431U 21040D   22260.92029890  .00002388  00000-0  17918-3 0  9998
2 48431  53.0541  87.3535 0001422  82.4848 277.6302 15.06401210 75812
1 48431U 21040D   22261.51742293  .00000609  00000-0  59792-4 0  9994
2 48431  53.0540  84.6733 0001537  83.5521 276.5643 15.06397614 75906
1 48431U 21040D   22261.51742293  .00000609  00000-0  59792-4 0  9994
2 48431  53.0540  84.6733 0001537  83.5521 276.5643 15.06397614 76356
1 48431U 21040D   22261.78281003 -.00000474  00000-0 -12914-4 0  9997
2 48431  53.0540  83.4816 0001512  84.0280 276.0882 15.06398258 75945
1 48431U 21040D   22262.51262205  .00002174  00000-0  16478-3 0  9997
2 48431  53.0542  80.2050 0001503  86.3392 273.7769 15.06404194 76059
1 48431U 21040D   22262.77800777  .00002410  00000-0  18063-3 0  9992
2 48431  53.0543  79.0147 0001432  76.7374 283.3775 15.06406526 76546
1 48431U 21040D   22262.84435680  .00001641  00000-0  12904-3 0  9990
2 48431  53.0547  78.7178 0001488  74.2622 285.8531 15.06402640 76102
1 48431U 21040D   22263.17609395 -.00000612  00000-0 -22219-4 0  9993
2 48431  53.0544  77.2275 0001479  83.5463 276.5694 15.06395435 76602
1 48431U 21040D   22263.50782800  .00001281  00000-0  10491-3 0  9992
2 48431  53.0551  75.7379 0001419  77.8429 282.2719 15.06396660 76209
1 48431U 21040D   22263.64051928  .00001865  00000-0  14405-3 0  9994
2 48431  53.0551  75.1417 0001410  86.4281 273.6869 15.06399571 76225
