1 49098U 21075Z   22257.09581303 -.00000147  00000-0 -41114-3 0  9990
2 49098  87.9034 278.5325 0001539 100.0701 260.0604 13.17649449 53893
1 49098U 21075Z   22257.55143041 -.00000196  00000-0 -53765-3 0  9993
2 49098  87.9034 278.4416 0001549  99.7792 260.3515 13.17649139 52976
1 49098U 21075Z   22258.53860047 -.00000093  00000-0 -27235-3 0  9993
2 49098  87.9034 278.2443 0001557  99.9638 260.1670 13.17649113 53102
1 49098U 21075Z   22258.53860047 -.00000093  00000-0 -27235-3 0  9993
2 49098  87.9034 278.2443 0001557  99.9638 260.1670 13.17649113 54080
1 49098U 21075Z   22259.44983459  .00000083  00000-0  17993-3 0  9994
2 49098  87.9030 278.0626 0001552  99.8231 260.3076 13.17648863 53228
1 49098U 21075Z   22259.75358007 -.00000017  00000-0 -76911-4 0  9998
2 49098  87.9030 278.0018 0001559 100.2950 259.8358 13.17648358 53264
1 49098U 21075Z   22259.75358007 -.00000017  00000-0 -76911-4 0  9998
2 49098  87.9030 278.0018 0001559 100.2950 259.8358 13.17648358 54243
1 49098U 21075Z   22260.51294155 -.00000004  00000-0 -42889-4 0  9990
2 49098  87.9026 277.8501 0001557 101.0055 259.1252 13.17649097 53364
1 49098U 21075Z   22260.81668635 -.00000017  00000-0 -76199-4 0  9996
2 49098  87.9025 277.7894 0001565 100.9755 259.1552 13.17649141 53409
1 49098U 21075Z   22260.81668635 -.00000017  00000-0 -76199-4 0  9996
2 49098  87.9025 277.7894 0001565 100.9755 259.1552 13.17649141 54387
1 49098U 21075Z   22261.50011206  .00000041  00000-0  72306-4 0  9990
2 49098  87.9023 277.6529 0001561 101.3072 258.8235 13.17649020 53493
1 49098U 21075Z   22261.80385725  .00000028  00000-0  39987-4 0  9996
2 49098  87.9022 277.5922 0001578 101.4875 258.6434 13.17648583 53535
1 49098U 21075Z   22262.10760152  .00000103  00000-0  23100-3 0  9994
2 49098  87.9022 277.5315 0001589 101.5945 258.5365 13.17649019 54552
1 49098U 21075Z   22262.48725387  .00003071  00000-0  78714-2 0  9993
2 49098  87.9022 277.4557 0001769  99.1005 261.0326 13.17672866 54606
1 49098U 21075Z   22263.01882879  .00001260  00000-0  32114-2 0  9995
2 49098  87.9067 277.3497 0002420  94.9227 265.2180 13.17647849 54675
1 49098U 21075Z   22263.32257172 -.00000010  00000-0 -58555-4 0  9994
2 49098  87.9021 277.2888 0002002 101.5020 258.6337 13.17650825 53734
1 49098U 21075Z   22263.77819412 -.00000576  00000-0 -15159-2 0  9992
2 49098  87.9029 277.1977 0001869 100.5935 259.5407 13.17645541 53797
