1 40935U 15052F   22257.72154959  .00003226  00000-0  34408-3 0  9999
2 40935   6.0030 238.7277 0010045  15.8807 344.1636 14.78520885376536
1 40935U 15052F   22257.72154959  .00003226  00000-0  34408-3 0  9999
2 40935   6.0030 238.7277 0010045  15.8807 344.1636 14.78520885376660
1 40935U 15052F   22258.46356306  .00003764  00000-0  41582-3 0  9999
2 40935   6.0030 233.4220 0009797  25.8647 334.1970 14.78526390376640
1 40935U 15052F   22259.67776248  .00003345  00000-0  35988-3 0  9992
2 40935   6.0030 224.7369 0009698  44.5220 315.5687 14.78531325376824
1 40935U 15052F   22259.67776248  .00003345  00000-0  35988-3 0  9992
2 40935   6.0030 224.7369 0009698  44.5220 315.5687 14.78531325376958
1 40935U 15052F   22260.75704571  .00002793  00000-0  28631-3 0  9996
2 40935   6.0026 217.0164 0009658  61.1219 298.9878 14.78534770376986
1 40935U 15052F   22260.75704571  .00002793  00000-0  28631-3 0  9996
2 40935   6.0026 217.0164 0009658  61.1219 298.9878 14.78534770377112
1 40935U 15052F   22261.49904854  .00002769  00000-0  28308-3 0  9998
2 40935   6.0020 211.7077 0009417  71.8142 288.3010 14.78538318377096
1 40935U 15052F   22262.03868717  .00002619  00000-0  26302-3 0  9992
2 40935   6.0021 207.8514 0009371  80.3716 279.7470 14.78540223377294
1 40935U 15052F   22262.51086971  .00002507  00000-0  24815-3 0  9992
2 40935   6.0022 204.4742 0009350  87.4561 272.6637 14.78541741377242
1 40935U 15052F   22263.65759432  .00002498  00000-0  24681-3 0  9997
2 40935   6.0025 196.2698 0009362 105.0690 255.0473 14.78546217377411
1 40935U 15052F   22263.65759432  .00002498  00000-0  24681-3 0  9997
2 40935   6.0025 196.2698 0009362 105.0690 255.0473 14.78546217377534
