1 43925U 19002D   22257.11902060  .00000224  00000-0  73100-4 0  9995
2 43925  86.4016 206.9447 0002125  78.2006 281.9428 14.34216557192302
1 43925U 19002D   22257.39809484  .00000239  00000-0  78112-4 0  9995
2 43925  86.4016 206.8282 0002118  78.1785 281.9648 14.34216752192337
1 43925U 19002D   22258.37485439  .00000282  00000-0  93639-4 0  9993
2 43925  86.4018 206.4206 0002093  78.2695 281.8735 14.34217445192475
1 43925U 19002D   22258.79346572  .00000260  00000-0  85782-4 0  9999
2 43925  86.4019 206.2459 0002090  78.4248 281.7182 14.34217477192534
1 43925U 19002D   22258.79346572  .00000260  00000-0  85782-4 0  9999
2 43925  86.4019 206.2459 0002090  78.4248 281.7182 14.34217477192545
1 43925U 19002D   22259.35161396  .00000256  00000-0  84487-4 0  9997
2 43925  86.4020 206.0131 0002075  78.3385 281.8044 14.34217694192613
1 43925U 19002D   22259.83999366  .00000234  00000-0  76625-4 0  9997
2 43925  86.4022 205.8093 0002083  78.6900 281.4530 14.34217781192695
1 43925U 19002D   22260.39814178  .00000215  00000-0  69778-4 0  9997
2 43925  86.4023 205.5764 0002072  78.5199 281.6229 14.34217902192765
1 43925U 19002D   22260.88652126  .00000211  00000-0  68288-4 0  9995
2 43925  86.4024 205.3727 0002069  78.7101 281.4327 14.34218101192831
1 43925U 19002D   22260.95628973  .00000211  00000-0  68447-4 0  9993
2 43925  86.4025 205.3436 0002066  78.6990 281.4438 14.34218135192853
1 43925U 19002D   22261.37490064  .00000216  00000-0  70005-4 0  9996
2 43925  86.4025 205.1689 0002060  78.8462 281.2965 14.34218345192903
1 43925U 19002D   22261.86327997  .00000208  00000-0  67256-4 0  9999
2 43925  86.4026 204.9651 0002057  78.9349 281.2078 14.34218529192977
1 43925U 19002D   22262.14235387  .00000204  00000-0  65829-4 0  9992
2 43925  86.4026 204.8487 0002053  78.9259 281.2168 14.34218605193021
1 43925U 19002D   22262.35165923  .00000203  00000-0  65502-4 0  9990
2 43925  86.4026 204.7613 0002048  78.9899 281.1527 14.34218711193043
1 43925U 19002D   22262.77027000  .00000203  00000-0  65378-4 0  9990
2 43925  86.4027 204.5867 0002046  79.1000 281.0426 14.34218886193105
1 43925U 19002D   22263.25864917  .00000196  00000-0  62794-4 0  9990
2 43925  86.4028 204.3830 0002040  79.2230 280.9195 14.34219047193183
1 43925U 19002D   22263.53772297  .00000188  00000-0  60216-4 0  9998
2 43925  86.4028 204.2666 0002040  79.2595 280.8830 14.34219111193214
