1 26958U 01049B   22257.09519794  .00002362  00000-0  20230-3 0  9999
2 26958  97.8309 217.0015 0072417  49.4107 311.3385 14.96549359137730
1 26958U 01049B   22257.49636620  .00002353  00000-0  20149-3 0  9990
2 26958  97.8310 217.4031 0072414  48.1156 312.6212 14.96551267137791
1 26958U 01049B   22257.56322749  .00002380  00000-0  20377-3 0  9995
2 26958  97.8310 217.4700 0072411  47.8986 312.8361 14.96551632137735
1 26958U 01049B   22257.83067255  .00002494  00000-0  21323-3 0  9991
2 26958  97.8311 217.7377 0072409  47.0306 313.6956 14.96553225137777
1 26958U 01049B   22257.83067255  .00002494  00000-0  21323-3 0  9991
2 26958  97.8311 217.7377 0072409  47.0306 313.6956 14.96553225137845
1 26958U 01049B   22258.16497842  .00002788  00000-0  23773-3 0  9994
2 26958  97.8312 218.0723 0072403  45.9475 314.7677 14.96555705137895
1 26958U 01049B   22258.49928421  .00002466  00000-0  21091-3 0  9996
2 26958  97.8313 218.4070 0072399  44.8698 315.8344 14.96556304137871
1 26958U 01049B   22258.83358928  .00002697  00000-0  23015-3 0  9997
2 26958  97.8313 218.7416 0072386  43.7894 316.9035 14.96558548137927
1 26958U 01049B   22258.83358928  .00002697  00000-0  23015-3 0  9997
2 26958  97.8313 218.7416 0072386  43.7894 316.9035 14.96558548137994
1 26958U 01049B   22259.16789424  .00002542  00000-0  21727-3 0  9990
2 26958  97.8315 219.0763 0072388  42.7042 317.9774 14.96559608138047
1 26958U 01049B   22259.50219856  .00002654  00000-0  22652-3 0  9997
2 26958  97.8315 219.4109 0072382  41.6186 319.0512 14.96561587138093
1 26958U 01049B   22259.83650244  .00002611  00000-0  22297-3 0  9991
2 26958  97.8316 219.7456 0072373  40.5303 320.1276 14.96563140138076
1 26958U 01049B   22259.83650244  .00002611  00000-0  22297-3 0  9991
2 26958  97.8316 219.7456 0072373  40.5303 320.1276 14.96563140138144
1 26958U 01049B   22260.17080621  .00002327  00000-0  19931-3 0  9991
2 26958  97.8317 220.0803 0072368  39.4439 321.2019 14.96563766138193
1 26958U 01049B   22260.50510936  .00002417  00000-0  20682-3 0  9990
2 26958  97.8317 220.4150 0072356  38.3528 322.2806 14.96565655138178
1 26958U 01049B   22260.50510936  .00002417  00000-0  20682-3 0  9990
2 26958  97.8317 220.4150 0072356  38.3528 322.2806 14.96565655138246
1 26958U 01049B   22260.83941157  .00002353  00000-0  20151-3 0  9999
2 26958  97.8321 220.7500 0072303  37.1731 323.4465 14.96567305138224
1 26958U 01049B   22260.83941157  .00002353  00000-0  20151-3 0  9999
2 26958  97.8321 220.7500 0072303  37.1731 323.4465 14.96567305138291
1 26958U 01049B   22261.17371421  .00002355  00000-0  20162-3 0  9992
2 26958  97.8322 221.0847 0072290  36.0806 324.5262 14.96568778138344
1 26958U 01049B   22261.44115549  .00002377  00000-0  20348-3 0  9999
2 26958  97.8323 221.3524 0072280  35.2099 325.3867 14.96570280138389
1 26958U 01049B   22261.50801578  .00002368  00000-0  20277-3 0  9991
2 26958  97.8323 221.4194 0072277  34.9883 325.6056 14.96570624138325
1 26958U 01049B   22261.84231736  .00002320  00000-0  19872-3 0  9998
2 26958  97.8323 221.7541 0072261  33.8907 326.6900 14.96572008138374
1 26958U 01049B   22261.84231736  .00002320  00000-0  19872-3 0  9998
2 26958  97.8323 221.7541 0072261  33.8907 326.6900 14.96572008138442
1 26958U 01049B   22262.10975830  .00002294  00000-0  19660-3 0  9993
2 26958  97.8324 222.0219 0072249  33.0169 327.5533 14.96573170138484
1 26958U 01049B   22262.51091919  .00002221  00000-0  19050-3 0  9998
2 26958  97.8325 222.4235 0072231  31.6974 328.8565 14.96574778138547
1 26958U 01049B   22262.84521924  .00002279  00000-0  19535-3 0  9999
2 26958  97.8326 222.7582 0072210  30.5962 329.9440 14.96576785138520
1 26958U 01049B   22262.84521924  .00002279  00000-0  19535-3 0  9999
2 26958  97.8326 222.7582 0072210  30.5962 329.9440 14.96576785138597
1 26958U 01049B   22263.17951926  .00002237  00000-0  19179-3 0  9993
2 26958  97.8327 223.0929 0072194  29.4992 331.0273 14.96578155138645
1 26958U 01049B   22263.44695893  .00002182  00000-0  18724-3 0  9995
2 26958  97.8327 223.3607 0072177  28.6214 331.8939 14.96579247138684
1 26958U 01049B   22263.51381875  .00002176  00000-0  18676-3 0  9994
2 26958  97.8327 223.4276 0072173  28.3973 332.1151 14.96579586138622
1 26958U 01049B   22263.78125803  .00002158  00000-0  18522-3 0  9990
2 26958  97.8328 223.6954 0072154  27.5155 332.9857 14.96580788138739
1 26958U 01049B   22263.84811782  .00002150  00000-0  18461-3 0  9999
2 26958  97.8328 223.7623 0072150  27.2947 333.2036 14.96581075138671
