1 43883U 18111H   22257.31533673  .00006165  00000-0  49644-3 0  9995
2 43883  97.6655 163.8184 0011893   4.2533 355.8790 15.00249214203095
1 43883U 18111H   22257.31533673  .00006165  00000-0  49644-3 0  9995
2 43883  97.6655 163.8184 0011893   4.2533 355.8790 15.00249214201093
1 43883U 18111H   22258.18239511  .00008519  00000-0  68373-3 0  9990
2 43883  97.6650 164.6728 0011777   0.9804 359.1440 15.00264442203222
1 43883U 18111H   22258.71596676  .00006571  00000-0  52857-3 0  9993
2 43883  97.6647 165.1986 0011732 358.9473   1.1724 15.00268056203302
1 43883U 18111H   22258.71596676  .00006571  00000-0  52857-3 0  9993
2 43883  97.6647 165.1986 0011732 358.9473   1.1724 15.00268056201300
1 43883U 18111H   22259.31623159  .00005901  00000-0  47510-3 0  9993
2 43883  97.6644 165.7902 0011639 356.6097   3.5046 15.00274804203396
1 43883U 18111H   22259.98318953  .00005944  00000-0  47848-3 0  9990
2 43883  97.6641 166.4475 0011558 354.0232   6.0852 15.00282604203490
1 43883U 18111H   22259.98318953  .00005944  00000-0  47848-3 0  9990
2 43883  97.6641 166.4475 0011558 354.0232   6.0852 15.00282604201498
1 43883U 18111H   22260.71683994  .00004918  00000-0  39667-3 0  9993
2 43883  97.6636 167.1705 0011489 351.1422   8.9597 15.00288812203607
1 43883U 18111H   22260.98362120  .00004944  00000-0  39871-3 0  9993
2 43883  97.6638 167.4335 0011478 349.9920  10.1073 15.00291196201642
1 43883U 18111H   22261.25040186  .00004651  00000-0  37539-3 0  9993
2 43883  97.6636 167.6963 0011447 348.9169  11.1801 15.00293418203684
1 43883U 18111H   22261.71726671  .00005245  00000-0  42259-3 0  9999
2 43883  97.6635 168.1563 0011395 347.0966  12.9964 15.00299370203752
1 43883U 18111H   22262.05074102  .00004865  00000-0  39236-3 0  9990
2 43883  97.6635 168.4850 0011373 345.7335  14.3566 15.00301634201800
1 43883U 18111H   22262.45090897  .00004796  00000-0  38680-3 0  9998
2 43883  97.6634 168.8793 0011335 344.1296  15.9571 15.00305580203861
1 43883U 18111H   22263.05115867  .00005053  00000-0  40718-3 0  9992
2 43883  97.6632 169.4709 0011294 341.6783  18.4032 15.00312352201953
1 43883U 18111H   22263.51801804  .00004670  00000-0  37669-3 0  9991
2 43883  97.6632 169.9309 0011262 339.7948  20.2829 15.00316460204020
