1 50806U 22001D   22257.01107749 -.00000622  00000-0 -20924-4 0  9994
2 50806  53.2148 112.3875 0003444  40.8138 319.3112 15.08825948 38416
1 50806U 22001D   22257.01107749 -.00000622  00000-0 -20924-4 0  9994
2 50806  53.2148 112.3875 0003444  40.8138 319.3112 15.08825948 39686
1 50806U 22001D   22257.73970249 -.00005227  00000-0 -31032-3 0  9993
2 50806  53.2163 109.1170 0001398  57.1869 302.9258 15.08870128 38524
1 50806U 22001D   22257.73970249 -.00005227  00000-0 -31032-3 0  9993
2 50806  53.2163 109.1170 0001398  57.1869 302.9258 15.08870128 39794
1 50806U 22001D   22258.07089523 -.00002379  00000-0 -13133-3 0  9994
2 50806  53.2163 107.6293 0001388  54.0861 306.0260 15.08866494 38574
1 50806U 22001D   22258.86578675  .00002580  00000-0  18009-3 0  9991
2 50806  53.2167 104.0613 0001587  49.6998 310.4133 15.08844859 38699
1 50806U 22001D   22258.86578675  .00002580  00000-0  18009-3 0  9991
2 50806  53.2167 104.0613 0001587  49.6998 310.4133 15.08844859 39960
1 50806U 22001D   22259.52818530  .00000776  00000-0  66820-4 0  9992
2 50806  53.2169 101.0886 0001736  53.4249 306.6902 15.08847391 38794
1 50806U 22001D   22259.85939822 -.00001248  00000-0 -60308-4 0  9998
2 50806  53.2158  99.6013 0001996  41.8814 318.2331 15.08832609 40113
1 50806U 22001D   22260.25683877 -.00001934  00000-0 -10344-3 0  9996
2 50806  53.2158  97.8164 0001704  51.7163 308.3982 15.08833929 38906
1 50806U 22001D   22260.85299797 -.00000559  00000-0 -17011-4 0  9997
2 50806  53.2167  95.1403 0001778  53.0066 307.1089 15.08833732 38997
1 50806U 22001D   22260.98547649 -.00000283  00000-0  30517-6 0  9994
2 50806  53.2166  94.5455 0001790  53.1269 306.9887 15.08835905 39017
1 50806U 22001D   22260.98547649 -.00000283  00000-0  30517-6 0  9994
2 50806  53.2166  94.5455 0001790  53.1269 306.9887 15.08835905 40288
1 50806U 22001D   22261.84659397  .00002321  00000-0  16387-3 0  9994
2 50806  53.2167  90.6793 0001852  52.7874 307.3287 15.08836662 39140
1 50806U 22001D   22262.04531187  .00003435  00000-0  23384-3 0  9995
2 50806  53.2162  89.7867 0001843  52.2505 307.8653 15.08838997 39170
1 50806U 22001D   22262.04531187  .00003435  00000-0  23384-3 0  9995
2 50806  53.2162  89.7867 0001843  52.2505 307.8653 15.08838997 40442
1 50806U 22001D   22262.64146717  .00003139  00000-0  21522-3 0  9995
2 50806  53.2163  87.1103 0001803  54.7717 305.3444 15.08846744 39264
1 50806U 22001D   22263.50258805  .00001193  00000-0  93006-4 0  9998
2 50806  53.2174  83.2419 0001263  63.8453 296.2669 15.08845169 39392
1 50806U 22001D   22263.50258805  .00001193  00000-0  93006-4 0  9998
2 50806  53.2174  83.2419 0001263  63.8453 296.2669 15.08845169 40664
1 50806U 22001D   22263.76755003  .00000568  00000-0  53801-4 0  9992
2 50806  53.2162  82.0556 0001855  51.7931 308.3228 15.08847152 39437
