1 48998U 21060AH  22257.39121738  .00000008  00000-0 -13349-4 0  9992
2 48998  87.9114 141.9447 0002513  55.6245 304.5123 13.16596668 59056
1 48998U 21060AH  22257.39121738  .00000008  00000-0 -13349-4 0  9992
2 48998  87.9114 141.9447 0002513  55.6245 304.5123 13.16596668 60340
1 48998U 21060AH  22258.37917566  .00000114  00000-0  26550-3 0  9997
2 48998  87.9112 141.7484 0002513  54.7286 305.4080 13.16597232 59182
1 48998U 21060AH  22259.21514077  .00000100  00000-0  22772-3 0  9998
2 48998  87.9110 141.5825 0002482  53.7590 306.3770 13.16597172 60584
1 48998U 21060AH  22259.36713439  .00000104  00000-0  23941-3 0  9990
2 48998  87.9110 141.5523 0002476  53.5887 306.5472 13.16597160 59316
1 48998U 21060AH  22260.43108901  .00000100  00000-0  22749-3 0  9993
2 48998  87.9105 141.3413 0002380  53.4840 306.6510 13.16597594 59458
1 48998U 21060AH  22260.43108901  .00000100  00000-0  22749-3 0  9993
2 48998  87.9105 141.3413 0002380  53.4840 306.6510 13.16597594 60742
1 48998U 21060AH  22260.73507590  .00000212  00000-0  52077-3 0  9994
2 48998  87.9105 141.2809 0002371  53.1030 307.0318 13.16597504 59490
1 48998U 21060AH  22261.19105900 -.00000163  00000-0 -45945-3 0  9997
2 48998  87.9103 141.1903 0002343  52.0646 308.0696 13.16595590 59552
1 48998U 21060AH  22261.72303924 -.00000345  00000-0 -93539-3 0  9996
2 48998  87.9103 141.0847 0002334  52.3124 307.8219 13.16593723 59624
1 48998U 21060AH  22261.72303924 -.00000345  00000-0 -93539-3 0  9996
2 48998  87.9103 141.0847 0002334  52.3124 307.8219 13.16593723 60918
1 48998U 21060AH  22262.17902143 -.00000341  00000-0 -92499-3 0  9994
2 48998  87.9102 140.9942 0002307  51.9871 308.1468 13.16593081 59684
1 48998U 21060AH  22262.63500352 -.00000419  00000-0 -11306-2 0  9994
2 48998  87.9102 140.9034 0002289  51.3184 308.8152 13.16593110 59743
1 48998U 21060AH  22263.09098563 -.00000323  00000-0 -87864-3 0  9998
2 48998  87.9101 140.8129 0002265  51.0175 309.1158 13.16592665 61092
1 48998U 21060AH  22263.39497442 -.00000051  00000-0 -16763-3 0  9998
2 48998  87.9100 140.7528 0002233  51.0033 309.1296 13.16590942 59840
