1 51783U 22017R   22257.58334491  .00021134  00000-0  13423-2 0  9997
2 51783  53.2168 289.8289 0001877  43.7858  16.5854 15.08831045  1303
1 51783U 22017R   22257.58334491  .00021134  00000-0  13423-2 0  9997
2 51783  53.2168 289.8289 0001877  43.7858  16.5854 15.08831045 32015
1 51783U 22017R   22257.91667824  .00027588  00000-0  17462-2 0  9999
2 51783  53.2172 288.3307 0001745  51.2856  20.6905 15.08808254  1308
1 51783U 22017R   22258.25001157 -.00022439  00000-0 -13960-2 0  9999
2 51783  53.2173 286.8352 0001881  51.5815  31.9596 15.08843625 32116
1 51783U 22017R   22258.58334491  .00035474  00000-0  22368-2 0  9998
2 51783  53.2171 285.3396 0001973  46.7203  48.4115 15.08823464  1301
1 51783U 22017R   22258.76458104 -.00000259  00000-0  18047-5 0  9992
2 51783  53.2180 284.5251 0001785  49.7119 310.4029 15.08835653 30550
1 51783U 22017R   22258.76458104 -.00000259  00000-0  18047-5 0  9992
2 51783  53.2180 284.5251 0001785  49.7119 310.4029 15.08835653 32192
1 51783U 22017R   22259.49321502  .00001537  00000-0  11467-3 0  9990
2 51783  53.2180 281.2548 0001916  51.4405 308.6759 15.08841732 30663
1 51783U 22017R   22259.49321502  .00001537  00000-0  11467-3 0  9990
2 51783  53.2180 281.2548 0001916  51.4405 308.6759 15.08841732 32306
1 51783U 22017R   22259.75818499 -.00000139  00000-0  93605-5 0  9999
2 51783  53.2183 280.0648 0001915  51.7142 308.4022 15.08832221 30703
1 51783U 22017R   22259.75818499 -.00000139  00000-0  93605-5 0  9999
2 51783  53.2183 280.0648 0001915  51.7142 308.4022 15.08832221 32345
1 51783U 22017R   22260.48682202  .00001114  00000-0  88103-4 0  9991
2 51783  53.2176 276.7938 0001867  51.4518 308.6641 15.08835451 30818
1 51783U 22017R   22260.48682202  .00001114  00000-0  88103-4 0  9991
2 51783  53.2176 276.7938 0001867  51.4518 308.6641 15.08835451 32450
1 51783U 22017R   22261.01675175 -.00000602  00000-0 -19713-4 0  9996
2 51783  53.2181 274.4148 0001846  53.3036 306.8125 15.08828793 32534
1 51783U 22017R   22261.41419454 -.00002131  00000-0 -11583-3 0  9991
2 51783  53.2179 272.6307 0001891  56.0734 304.0438 15.08833616 30954
1 51783U 22017R   22262.20907001 -.00001027  00000-0 -46404-4 0  9993
2 51783  53.2182 269.0620 0001901  57.4945 302.6231 15.08841653 32718
1 51783U 22017R   22262.40779058  .00000173  00000-0  28954-4 0  9993
2 51783  53.2179 268.1698 0001870  53.6826 306.4339 15.08838067 31108
1 51783U 22017R   22262.73898689  .00000546  00000-0  52419-4 0  9998
2 51783  53.2180 266.6830 0001870  53.9162 306.2003 15.08842831 31152
1 51783U 22017R   22263.40138276  .00002279  00000-0  16121-3 0  9996
2 51783  53.2178 263.7094 0001853  51.7130 308.4029 15.08843277 31259
1 51783U 22017R   22263.40138276  .00002279  00000-0  16121-3 0  9996
2 51783  53.2178 263.7094 0001853  51.7130 308.4029 15.08843277 32890
