1 47966U 21023B   22257.07834721  .00008898  00000-0  57381-3 0  9990
2 47966  45.0018 130.9993 0004598  76.5224 283.6164 15.08658182 81427
1 47966U 21023B   22257.07834721  .00008898  00000-0  57381-3 0  9990
2 47966  45.0018 130.9993 0004598  76.5224 283.6164 15.08658182 81427
1 47966U 21023B   22257.80671530  .00009038  00000-0  58235-3 0  9994
2 47966  45.0017 127.1369 0004567  81.8103 278.3291 15.08671971 81537
1 47966U 21023B   22258.07157486  .00009113  00000-0  58696-3 0  9998
2 47966  45.0016 125.7325 0004573  83.7881 276.3516 15.08676898 81578
1 47966U 21023B   22258.79993455  .00008934  00000-0  57556-3 0  9995
2 47966  45.0016 121.8700 0004573  89.1142 271.0258 15.08689296 81685
1 47966U 21023B   22258.93236292  .00009027  00000-0  58135-3 0  9998
2 47966  45.0016 121.1676 0004576  90.3518 269.7882 15.08691661 81703
1 47966U 21023B   22259.32964708  .00007995  00000-0  51667-3 0  9997
2 47966  45.0017 119.0609 0004566  92.6092 267.5306 15.08696816 81767
1 47966U 21023B   22259.72692937  .00008647  00000-0  55737-3 0  9990
2 47966  45.0017 116.9541 0004562  95.5115 264.6281 15.08704413 81822
1 47966U 21023B   22260.05799678  .00008679  00000-0  55928-3 0  9995
2 47966  45.0018 115.1986 0004568  97.8356 262.3038 15.08709758 81872
1 47966U 21023B   22260.32284998  .00006908  00000-0  44841-3 0  9994
2 47966  45.0019 113.7941 0004552  99.5868 260.5522 15.08711090 81913
1 47966U 21023B   22260.72012861  .00007323  00000-0  47429-3 0  9993
2 47966  45.0019 111.6873 0004557 102.5134 257.6252 15.08717493 81976
1 47966U 21023B   22261.84574218  .00007596  00000-0  49113-3 0  9990
2 47966  45.0022 105.7183 0004555 110.4960 249.6405 15.08735012 82149
1 47966U 21023B   22261.84574218  .00007596  00000-0  49113-3 0  9990
2 47966  45.0022 105.7183 0004555 110.4960 249.6405 15.08735012 82149
1 47966U 21023B   22261.97816648  .00007482  00000-0  48398-3 0  9998
2 47966  45.0023 105.0163 0004569 111.4872 248.6491 15.08736967 82165
1 47966U 21023B   22262.70649680  .00006622  00000-0  43007-3 0  9997
2 47966  45.0023 101.1539 0004593 116.8882 243.2464 15.08746909 82276
1 47966U 21023B   22263.56724377  .00006415  00000-0  41698-3 0  9993
2 47966  45.0023  96.5894 0004614 122.8282 237.3039 15.08759719 82402
1 47966U 21023B   22263.56724377  .00006415  00000-0  41698-3 0  9993
2 47966  45.0023  96.5894 0004614 122.8282 237.3039 15.08759719 82402
