1 20510U 90018A   22257.20915543  .00001845  00000-0  14345-3 0  9991
2 20510  82.5147 130.9630 0011762 355.7351 149.3003 15.00707137747307
1 43883U 18111H   22257.31533673  .00006165  00000-0  49644-3 0  9995
2 43883  97.6655 163.8184 0011893   4.2533 355.8790 15.00249214203095
1 47470U 21006BK  22257.10682726  .00029482  00000-0  12532-2 0  9991
2 47470  97.4326 315.4404 0004079 348.7778  11.3367 15.22984642 90777
1 53451U 22098H   22257.32581789  .00004095  00000-0  25795-3 0  9999
2 53451  97.5375 353.0915 0010647 142.5382 302.3371 15.09668475  5280
1 51783U 22017R   22257.58334491  .00021134  00000-0  13423-2 0  9997
2 51783  53.2168 289.8289 0001877  43.7858  16.5854 15.08831045  1303
1 42769U 17036E   22257.58720687  .00004794  00000-0  19852-3 0  9998
2 42769  97.1935 289.2076 0015327  25.2157 334.9846 15.24277013290176
1 41887U 16078D   22257.39464970  .00003806  00000-0  19181-3 0  9990
2 41887  34.9542  10.2746 0015030 169.6870 190.4153 15.16535807318245
1 48431U 21040D   22257.00582594 -.00001697  00000-0 -95054-4 0  9990
2 48431  53.0535 104.9275 0001580  81.1952 278.9216 15.06408101 75677
1 47966U 21023B   22257.07834721  .00008898  00000-0  57381-3 0  9990
2 47966  45.0018 130.9993 0004598  76.5224 283.6164 15.08658182 81427
1 53379U 22096K   22257.28011922  .00007432  00000-0  29778-3 0  9991
2 53379  97.4328 158.5061 0003278 358.7049 118.2815 15.25323083  5489